$ANSIBLE_VAULT;1.1;AES256
33386538323166613932356438653731373963643936663866663633373136356636613737616565
3564333062663639666364356331666339386435383461340a643634613330323965303539653431
36316233656466326261386233366537633161323134343566626462353338346132663662313762
6165306135356164630a666637386638613836323637653339343331363130393539346530316333
34363365623963333835633530316432393131633139373538616363653064333635333061313632
33363534356539623935363034326230393663313838623565323862316565623230653236366238
64343466396437306639613037393133313366303438336630373063396232313636613230363565
33353836306566366536623832303833666335343733333737383265303266366363373164616630
31323436623436613838383634663937633533636264616237356130366339353062343231616635
37633636333436346361396463646335323238313562613631326635666465343933646563323032
62356134353531396131613966313961323231643261653663653035343239626262313233396337
35386465333031346232313839653930653739383239353564376363396265316162646139363138
3835
