$ANSIBLE_VAULT;1.1;AES256
31393534323037643233333765363266323635653531646266346130343936623035333635306364
6666656138333865396263666131376163646136353265620a366339366630363535616135626466
32333530393163323735353831313037343132326434303132343536656464383234656463636363
3938616365346331350a616436636562656564373532656363343063383537626335633465636139
36373539323336343765613733656239613639346665343135303966613465373233353237653236
36373034346664313963323233346437623562323935353862643634323162336338613335343830
62666464313331386439356561393239323561333639633335333035393932666464383535383632
33633034383137393939353830356432653636633162386664663963343661363831623966313530
33303966303036656263636139326165353665636338656164356165343837653239626237653436
31336338663562306661653762303633373435373933306339636437323636623466323164623464
35326439663431323462353639626336336661663839383638643864663233353536336235363438
33323036623336333161613739343431666363303130316536313935636431303666336236333161
65633532376132393337346164303335623030336164313137333931373037623265643830656361
63376564373738353832363534303532356461353066346233393135353266313437303633303039
63323232393533643238383532346131653366666635646632306435646635646463626635623466
35326465306233376165313562303263363937346538353633386334653533366665616536306133
3066
