$ANSIBLE_VAULT;1.1;AES256
39633635633231623761646265353662626461663631326561373931373964653838393031366231
3731343837333838326363663364313435323361303536340a616165653162323033653530613232
37396238336537643636613461636266656166643662343835626438306464656233373563323162
3061646531396434650a613066343239653839383438356132383638303766383031326535356230
36333831666365343963633938663634316333623936333239616365653433623932636337386565
34333439636537366663396238393165653161633931353836303463626431383063393736303331
36646238633663623738663036663838353530643066376666326132313765343265393933363230
32393939306133333732666364653638623634623033306337643934653434666331383562613463
63303861363935636261323539336431613162376533363436303535613934316132616239366637
34323463376239666661386565363131396534333334653364363261383938663533333964366137
61343566336539663932363831306132623231363532376563353065663665336534376230393034
37333431633231356261363033643365366235656135306165353565336632613931396331353539
66363834666639316135373164666136666566383630366337656566376336343861643938643030
39323962396234393665363337383335313836373962346263633366303535336433343839643634
34393631663765623362633134636437383566623835376435343765396638333135356363643436
66386432663565363434666163663638356461663330303263313132663863663938666333653565
64633535306436343562666336373965323932333737623566326466393862356234316132663535
39313564333131653238623732666165626130383738323836323834616265373730343465636165
62343465633766623263633732333865386465656263623339303339316634346439353735633762
65353236353834616563336265636165353133666364353466626136333337386331653936643461
39663137363863323033393563353664333366646361613663396332616236653333316536363439
62396165323731643534356161626665623131653636303265636133353830393663636235303839
62396561666132616437393536653839343463623037346339396333353230356132346535663139
32643636613862373634636465353964363532386661356232396239306634623734366331386139
38633164356533653036623765393931653037366661356566373133323133636133613539633639
33653036643730623438636132643461313330333539643233326338623663373533613761353031
36353933623035656138356265393738373736353630383236313135346563343434333830383933
31303362306230366632643232363732366266306636613439376631313533383930666531366334
38613136373738316666613731366362623239633835623361386566636138316534353539373839
35343835303939333363306633663732383736336463323338636632323464616332613231366131
63646539326664663465633433343761333264653039643666396336633333633532323666396430
38383566663530663734333031646565363230663533356232343731376265353038306533613835
63326330373137396235356334646234633062623134633162346135613631376566353530306337
63356562393865386661376135646437383339303131366235326364353835343432353839653139
33613339333465663238633564653430646434386265326235353336353335376432616336633735
62353136656461643161376164636633393039383965303033636630653933386639323538626565
65303165386436306430313839326231346133386363356430623733653435373766366239636235
31376239623538393966323632353930663663393731396330386162313132633665663038353963
62626230353331353336356662636230336331353637643066346537393038323633643832333335
36313431346130616232653563326562656663363762643462323932343064646262656362363435
35336331343939643534383365306563653365633565653961383835366130353135613439663466
39383631393539373837343438323262643865333366363138663064323766376637613962306665
38616536653633613937333434616665616530613138363662646636386266363938316532613530
38666233323933373963383262353865306366303335616236353064336639646132653835633532
31613262613933356531376332336636633564303463393939363034373937333461636666646435
66343734623265633233656537316665356132343833616166653963303538663837383034643361
64323461663263643333393036316561336338393536336639383239663030666236646465323563
38353266306265323532633063313561383433636435353231643166363061306631326339636530
64663731363139656165313764373533326364343262656161303139316435393638356337623538
31373564366465366530373062646330356662356466613439333137373064613064386166316335
66383462373565626431613834613164633732386363646461383335343631643733333064333438
38323434323964613532373761353261636466663031663432333565333535373166353834346666
30663336383262326133363137633562383239656132663064663033336434353537336132393961
64396266323361393265393162666139626563306639656265383034623731663633353637323632
35396565333239306131353439626162306665663866663435623666353966363066313739363661
31663832386536633935623662303934613931336439633534343664353836333935303034646332
39383161343466613135363766626434396133333361343564383165343633633537313834336162
37316238323536643835386534393630353461656234313930336434343832626239653761616334
66323136663437663335376564633130353234383963626462373861613765393462653931333537
61326236636234623365343232383735636235653864363032323061313234376363326136386535
63393264373933393435356165376236623930396331643965303664366335343337656365633035
37343761623262643862666338313633616363643633343633323432663730636236633039643166
39393862366561376162613531353639656633613531363330613938643066633266653661613163
65653431623032303533373535646234383634313665616462313663306435373136366664383063
65356461313965316531346334613063323663366264633137393032346637643937323161353866
38623633643936363233393134313738663733396634356630306637323531303065333833316333
34303565663033396561386636393434386662383431623636343435323965333565656161356466
34333030373731663435396137306133333063623335393031383266303963376430623665623666
30373838313133643331623735356638623431303830386230633839386463613538323330626533
66336334336163313463366361336465313062326363616662653538343761663162353031326537
39393866343061303163653434623866623639353962313165303038343030363864346463376639
65613534663430613466653038663031636232373639643639643131333337363532326136326331
37396637303139643961633164393231633864313461643466653838323939303634363765363236
31663736666333316636356534373864366366376261306231643961636537613464333838316233
63323337316436666539613539613366353836616264353538303936663861643133643464323139
35353430613836643263633561653233343735636463346264613738356566303339643435363366
37346131353437386431393164616436343733613161616535376565316464356362313564373839
37346332396164396265666630373737343636613265343236636637626265306666376135343133
35613464616465393539383966303531643637393538613033396565333935373964393230643030
35393937326665353663303531666439366531366333306466616565336139663239333661303233
35366334303330366662336130343061636530373533323865643136626631336132646430303536
64656661323863386433393537353565303261373637396163306138323865313965393537343132
65303234373237383339356438323334336439623136323930303066303934376265623431643539
62643562343531386638316566323935663936616330633839656563363939366233303738363137
33656632376666306135363536633632623433346539356634386134386539636531373664366164
61333031343730636431386637636466363835376161333261613062303433383266316535643863
30363063616466306663393666383536633732653465313762343737373838343564373132383539
30393130613238653239303138646566393663373766313439323535623162393235383363323864
34363563653931623531393364643365343338393061333632366330383263396532336466343733
34323132313936623137633739613930646365333765346232356538366138343737393962653763
62636431613930333338353562343434626236616532633661653936303138616530643438633464
35666265653133313462326262616338643238356530323138383665356163666436343461313961
30666333323163653838353261383862356134333736656436666330343363376231653633633034
36333166333538333934656263383765393233333363376339623239616338373234313436663161
32623933333463343361356139383931363534353763333862633335393036663733616362623531
32396338333332626532396631336334366166633566666638656337386664663531333230656233
36363139376136646564306632323865353362346465633236323438663630356635626163303533
37313932653162303335306533303037613537366563353762663438653536393237626661373262
66343133303930616566666639666331383866643634353936333830356363363763363336363938
35643962613637313331393838303232623665333436363764643632326138636233653039306531
36623764333766393430346538643830356138366139333866313362353736653132353430636330
39666635356334343330653235343631656338323838393435616130613932623962343964393031
30346532303932393131396535383033666137373235643133353338373330633466386565376262
38636464623662363139333732326232353837373835396131306233353938353039646537633237
66636532333231313565313734383732626566373135393231376138363632373961316366333637
32353864323761633662656632333063383765353666386562353434323666656132393730613038
63616639393463623437386534356532623962356636656634393966346235343834306538616366
65666230656330363538363938613866346634626430633330376465323137383864616634363431
61313631643666316261633362313034613131333335346634643963313566666162336331666663
35353062383930393031643464326139666465326430653439393439343133643537646432623035
35633963356538333461393532303235356437653934323931333730653439656331326462626461
37633533633536646430386361626334646163303539316263643036306164663136386165306634
62376234363765616265313762356437386238316439636636396361623633393066626239636232
37373430373234306562326533643530333335656335326539313161353130303065323030393834
39396538353230653530343565666230373963623632313365663930356565376139383962613037
37386537633436623730623934656239346536323531383438636337656465613037636661643938
65303332636163316231663439666430643464306262333132383762323734306637643266353363
63653639383433643066353062633837333431373963303733393161366133653937353065363430
36373533333835653533356134343062343163623165653761396238306131396336373632643362
34623937363663326431303138623364646536666236613838623531656565616666383430633164
32316463656431623237306461656565616261653866383565366537373264316661626165306236
61323162646437353037316236613233633039333765656331626335383437353563633333393238
39363831333633643738663531376433633064313838616236353030323536653630343831393133
37313166646363336661653532346237613430633937353363386239653465323930396662653037
38653230383963666263613762636562306466303432353531336533386163623333333864616361
38366430336461393964383338333263363634333332363162366362633863663039363435313434
30656561363862346435636565653330393639383732626134663664323532663035313563303761
65646136633563643462363061386661343764326664323335613362313337356365643061376339
62633135393030366536303162313835353231383139366437636334396262303932376661633238
30626264333539366137303638646331346234656261326666393466393962396665646238663065
63336638336361306633303735353566306262633863356539313931363665383266616531326663
34343039396263643039633833353536353835333333356264363038343361666364316131626430
33643338643638343839343537633730333866663934346337386139346438666465363939343162
6132636363383636303136313230636138653935643535636366
