$ANSIBLE_VAULT;1.1;AES256
65303933343335366662303534346333383061663939386138653764633630653663366361636434
3966666233353931336530363933373761653465326363390a373536626436646435353935633931
64336233666236333938643161373136666430643739646438376162626562633539353664636336
3732386536646138610a373534343034306531396331346239623030633034646466616363643138
34613435316134646435666563373931386134636164303162633839346135376530386130393230
64386663316437353562376236653261636332613930366563393738353039313538383663333264
31383466323565343134656261623639306138373066356132356530353634363439343566663639
34646638316434306132356662306565386433313165323561396233366663623030633739323465
38373766353931366563316433363036353261363135343032346464333539636137376262626364
64393433363461316664313537373634626636336435326339333435633961333965666366363633
30353130656361623835653437306265376537646436343061623162643136663138336563336662
63353336656339646138333536393930393162383632393036326131666436643838336230626330
63303630333338393436316662353034616339323337306364626635373834643639666565653963
36373632643361613133626261343365626136633165393436646234353336303532383338376630
65656434316535353366343137633737616136386135303733393130363866396530373433393331
34303533663566326534326235663238333366346636653036653430353837623564306638396365
38643465666238626639383462303132623936383332306265383964633536336561616138386432
31656130323738643262346365336163623037376435636462383363616462346530343662353561
61316465366637653037386561356435323333383830363163363634363230353835656662343236
62343432333839653666346264396136303038346439383137316263653338373335373137326337
38353734663663653633656465666261623466626239313230626466313831646536366463653035
33393034643334323430333765623937396531393232323563306132386339633235386264336637
36313863353030363330343031366662643266346334633530393135613661303535336630383537
38376436306431393832316162656564353837366437623238646436336131306562306366646137
62373266643664643535646564313366346638633537663735623437376432653235626366343566
38383061346261323431386264373833666362393962666235653463333235393531363164663239
34653338373535346365386335336233623035326462326463346535613339346165396263336337
65373430656231363537373533346338366563633461616161626537363931303536316133623437
35623739663662356233363030333939663461396565376265633537346437656165323333356364
36663932313135616330356566663030616431616666666339626233303865623461633962653037
61393466663235343164386136326265313662663933616362376262316236376338373632613037
37623763333932303462303766303932373730336337336136323934303662393661346137343439
39306538366130613135343431663038333564613932363035336365323566303331366363323665
62363238613763653537393034356535666466643937376337356635616234653837666130383935
63326435383736316434366333326564663762356262323535636230636638373462653662353834
66313832333732306261663161303165633061643864323563346436303466316134303263336165
63343132396437346632656639303365656433366233333761343766366434653563613063623638
35363138353364336535313862636331633938633236393234373633383530306537343763313831
64396565386364386134316262313139653264306138653062633135396236663939636630393034
64333537313130366532323266353964313462636666316431313234373131623133393964663435
64306232373632383233646239636633333261336463633538303534316465643662633162333039
33613931643266366636646261343636306531313132316266623833333736656638643837326666
39636463376465646239316232356434356635333430623061646631663633396134393263326239
37643239626565313133613531336333323732633730666563373863636530333861353930363066
33373236656430356537356333333835623538313664356431616436333634346339663730363139
66396533633437326630313364393262636232643339376231376630316138653434626464643161
62343564393139623265633638363162303739353135393164323833633935373231363339633033
35316136666263393865316533366232303435336539326363636263363539343238316164666235
37396233613335646532356338633762373534623866633562316162643633316139343433336336
66343133383139303561326231333632613362393639343231303138643935646634333664643262
37656339613838343566346638366465396162663136663635326166343530306530623266663238
62373335396639326630656235383037353133613535333632353133316134666637326330653634
65343139396639613130616234343364363434353939333434653663646535633735353566346333
37356236613836303138373934643335616332373836313665323963366435383639343234646337
35343034333665656535613965373732616564613532356130393138303130643932306537613935
64316564626566313732313835616632343530316362376635626166393064303239656332663133
32396436363566626634356434646133643037626333326435663734393339373664393830646535
66643961373435333738373931376237366461643666653435613433323834653531633530333837
37353132393964646634626564666463653732303364386534373232323234306237643030643439
34653932363461373030366637633831303336323065343265393332356636356233373238343437
30343565613961613538626538623035616164353432633333373230363366316462633662343366
30663736353232376334636132613461313137383866303961353363393239653635633430393035
35386235623533666166373632323966633436656433643034663630613535623332396133316230
36653136666162613037363539623537656531393630616136326463326262363165623236343335
61646665373239373363376363316561666531643961633731343739626663313631373162313431
30356432643665636461316334303336306464626130353830336137353534363464613034366531
37323064626335616666313633636563343764646637343130346137333739636566373566343163
36373833643934666531343933333535663739313936656537636666323631383364353464336636
32343534613930313666316261383662326130373665316166323733323930333936333935643963
32643463323064333066636565636431303565316563366662363134316435663864353937303836
33306633623166343432373465346461646535613039356265313338646262326563363434393031
39306135323161653165383764663637343537303962376263633939353236316139663431663037
31313639336237613134633063666463623765333965656166373363356330626636303862626434
35666436376235303435366231386237633336663038306136323635633035323734336430373866
63383039663437653165643638376435663766653738353338313638313735653035636665633639
66353630373530316239373537386334386132383663366561363465363963343831653033386636
63383138663664306261326438643863326237393865393735616530373331313832636333373564
38643832356561653761653262303535646132333831366465323839316231643832333331656461
33376261653038326531353239393330396363326537643161326633396336346631653866333439
32343939616563336532383366636632333031323665336363623539393661373361353133356464
39633138306232346232376338303762616439333531663966656261333235306634613239373638
35313938326639366362336335366662303362363365616435353762653463363831303965646431
61303666313963336334666130313631643537356134653435323633653637643761646363613162
65373566343036316436393164396565346361313766396436313332346132626238323131333762
38663531393431313263373431373332333033613532363438613534326162393732323762613336
64316365323433663435623231393361626261343832623233633138616235646330316539376335
37363434306637653662376336363262323339333534373437353333333364646238386436623438
65623866303739613433393539613637623030646161383336366434633065626363343930356362
39616561666439313138356364633163663264336461316435393039383034646132643461613061
63656165386532663262663536646462363361366437323834313166353737343866316639353439
32353236373136323331393237353037356230646365653262646439643463323538653564366635
61386233643137626436363862653765636362346336383737386534336165636439363161353832
31303263376336343839393132613363333832373361643733643532666231623061646130346535
32326364303639353631346538336135356637393139383132623365633534663936303530373030
30383132333662323137373164313134363034326135366639656631323034643833343037646261
33663137613161333731376663623764346634623239313865636334666364386234306136646562
65343366346265336665616466666162376666623465313666373235383639366365613133343032
39636166353530373663623139653438373662646630356534383337383966376164333564363435
32663366616130646264336131346635373535636334643566356630623864333236363961303832
63373736613238363963386330646435336130626162393133646131363137366333616431306336
33303737653037653430396465386666663865363936363365393261356137306664373133343864
37373434386530653463646566376437386665666562333965363566616534373739306237306665
35613963303434373066333266643731366636313964333262343536353333306665323239386131
32346138396238376136333937306130653861353539313037643630323637343631366366633036
33363430353531646633613365373834376466623336656336653535353535613063353938633236
64316337336634346464386263336530663933366561313137646238306364646236336139623663
31633732376133306132393462346262393135653963623062643431643963313063366539323966
33636637646135663065636161313834313636653536613437393162666232303634363939336638
64363066626439626265353638353632666634646135356461656633323135626366313234386666
33306337663463623438643137333165366632303762333933323133636262643538653031653838
64336436333263353730363665623733626430326462623730306531343964313366633937653834
37326530356430356561613437333532383333373232656536306337383865646634643032646636
36343732353863633661313537333433613337316261363337343766376263363564613332303762
34363237336231356431613464336131323030323732333835333231313564653765643233323235
64386163613365613632646339646663636466376632653036666231616561333939366535323830
30356166323432393861633463353431336366353334613463303662663336666632333566356639
66323935303936633735356332336262356135336238363831643239363366373236326361393336
36643236313366383565343362356262356333303134313332346136663539313937366232323632
37376365373762356137656237376366386564363438623032356266616266653361343262633761
39326630363630663933303634313735333531393961313364323538616561363132326635623764
38316466303963386362653734316232343166356238306432333435326637393237313066386434
66386665383561366563646638366165383462366331323466326235326664313432666634336533
34323034363831333562373561643339343535666137306134343035653038383662616362383830
62336333643266313335656465633562613434306162373666623131343631303934313731313766
62323932313965616232353666333035636231333162316430323934316133316432613532373632
32396635383936623738393034323333393130613434363236313131323162326363653334313630
65643364643530656561633136333764353634613066336363303330643634613930343463313831
31346362373161373232306638316639303338626538656631336339343461626431633434343461
37616535396237613632623664323366366661386336633334353233376136383166663764393864
38316531666536363235313033646161366239313236613662313639306531643138626239343466
62346565666266383363366632656339656465666433356137323264653765363331313162356438
61353737386238393662626633363962366631313639316134373832373562353738646533353530
39633634633737666261356335363365656233333833636138306266616634396333303437376461
6339393730646633386361623039656434376539643330383331
